32+RG32+RG32	3.41	5.85	20.39	11.58
32+RG32+RRR32	3.44	5.82	23.15	12.99
32+RG32+RRR64	3.42	5.82	23.70	13.22
32+RG32+RRR128	3.44	5.83	25.09	13.77
32+RRR32+RG32	3.42	5.52	20.72	11.68
32+RRR32+RRR32	3.42	5.49	23.27	12.93
32+RRR32+RRR64	3.43	5.45	23.75	13.17
32+RRR32+RRR128	3.42	5.49	25.16	13.71
32+RRR64+RG32	3.44	5.61	21.16	11.70
32+RRR64+RRR32	3.46	5.59	23.66	13.01
32+RRR64+RRR64	3.44	5.58	24.33	13.26
32+RRR64+RRR128	3.41	5.63	25.67	13.78
32+RRR128+RG32	3.50	6.05	22.24	12.09
32+RRR128+RRR32	3.41	6.15	24.62	13.34
32+RRR128+RRR64	3.42	7.20	25.44	13.64
32+RRR128+RRR128	3.43	6.11	26.66	14.16
128+RG32+RG32	6.34	9.43	22.65	14.02
128+RG32+RRR32	6.30	8.55	25.45	15.37
128+RG32+RRR64	6.39	8.53	26.00	15.66
128+RG32+RRR128	6.33	8.53	27.36	16.21
128+RRR32+RG32	6.30	8.28	22.98	14.07
128+RRR32+RRR32	6.46	8.23	25.45	15.29
128+RRR32+RRR64	6.32	8.29	26.05	15.55
128+RRR32+RRR128	6.31	8.29	27.43	16.10
128+RRR64+RG32	6.33	8.54	23.53	14.22
128+RRR64+RRR32	6.30	8.54	25.83	15.38
128+RRR64+RRR64	6.31	8.46	26.46	15.61
128+RRR64+RRR128	6.30	8.48	27.82	16.18
128+RRR128+RG32	6.31	8.91	24.52	14.52
128+RRR128+RRR32	6.30	8.94	27.09	15.85
128+RRR128+RRR64	6.30	8.93	27.71	16.04
128+RRR128+RRR128	6.36	8.91	28.95	16.55
512+RG32+RG32	16.32	18.64	32.55	24.02
512+RG32+RRR32	16.29	18.63	35.31	25.44
512+RG32+RRR64	16.28	18.65	35.81	25.61
512+RG32+RRR128	16.28	18.64	37.31	26.22
512+RRR32+RG32	17.37	19.01	33.22	24.39
512+RRR32+RRR32	16.33	18.38	35.44	26.38
512+RRR32+RRR64	16.29	18.42	36.10	25.64
512+RRR32+RRR128	16.40	18.39	37.35	26.23
512+RRR64+RG32	16.30	18.59	33.50	24.27
512+RRR64+RRR32	16.30	18.56	35.83	25.48
512+RRR64+RRR64	16.32	18.57	36.60	25.72
512+RRR64+RRR128	16.35	18.66	37.82	26.29
512+RRR128+RG32	16.33	19.02	34.69	24.68
512+RRR128+RRR32	16.30	19.04	36.95	25.81
512+RRR128+RRR64	16.33	19.03	37.56	26.04
512+RRR128+RRR128	16.27	19.02	38.89	26.62
